0.8678981065750122 7.649474620819092 4.294000625610352
0.9445125460624695 7.709329605102539 4.502296447753906
1.0115501880645752 7.747636795043945 5.105635166168213
1.0043675899505615 7.688978672027588 5.536591529846191
1.0259153842926025 7.5632829666137695 5.355829238891602
0.9349357485771179 7.357381820678711 5.129577159881592
0.8152256608009338 7.094019412994385 5.3546319007873535
0.6859387755393982 6.83903694152832 5.886145114898682
0.628477931022644 6.517016887664795 6.180631637573242
0.586579442024231 6.165069580078125 5.989095687866211
0.395043283700943 5.810727596282959 6.411672115325928
0.19393034279346466 5.525817394256592 7.47230339050293
0.14484919607639313 5.307945251464844 8.280346870422363
0.06703764945268631 5.0254292488098145 8.224082946777344
0.14604631066322327 4.72376012802124 8.283937454223633
0.2561795711517334 4.3622355461120605 9.217676162719727
0.2059013396501541 3.9815573692321777 9.996989250183105
-0.30286651849746704 3.5398271083831787 9.330204010009766
