1.3742717504501343 7.307103633880615 6.657077789306641
1.482010841369629 7.220912456512451 6.400898456573486
1.3886369466781616 7.135918140411377 6.66904878616333
1.171961784362793 6.930016994476318 7.0341644287109375
1.0223240852355957 6.798335552215576 7.001842975616455
0.8786720037460327 6.71334171295166 6.801927089691162
0.7852981686592102 6.593631267547607 6.736086368560791
0.7817068696022034 6.466738700866699 6.918045997619629
0.7254431247711182 6.343437194824219 6.71453857421875
0.6332663297653198 6.27280855178833 6.511031627655029
0.6727706789970398 6.150704383850098 6.530185222625732
0.6847416758537292 6.0836663246154785 6.7492547035217285
0.788889467716217 5.9555768966674805 7.2125325202941895
0.7254431247711182 5.740098476409912 7.223306655883789
0.6416460275650024 5.531803131103516 7.267599105834961
0.646434485912323 5.410895824432373 7.727285861968994
0.689530074596405 5.2444987297058105 8.310274124145508
0.6260837316513062 5.0685248374938965 8.268375396728516
