1.170764684677124 8.175002098083496 4.022258758544922
1.1623848676681519 8.220491409301758 4.314351558685303
1.0079588890075684 7.972691535949707 4.923676013946533
0.8140285611152649 7.6351094245910645 5.129577159881592
0.8619126081466675 7.473500728607178 5.148730754852295
1.0749965906143188 7.530961513519287 5.232527732849121
0.9720458984375 7.453149795532227 5.202600479125977
0.569819986820221 7.113173484802246 5.430049419403076
0.5267243981361389 6.780379295349121 5.722142219543457
0.6703764796257019 6.473921298980713 6.22731876373291
0.6248866319656372 6.287173748016357 6.528987884521484
0.3627215623855591 6.155492782592773 6.67982292175293
0.1496376097202301 5.864596843719482 7.238868713378906
0.12210428714752197 5.625176906585693 7.465120792388916
0.26815059781074524 5.263652324676514 8.185775756835938
0.48243165016174316 5.079298973083496 8.547300338745117
0.49799394607543945 5.084087371826172 8.49941635131836
0.23942017555236816 4.927267074584961 8.763975143432617
