1.2006921768188477 7.329848289489746 5.507861137390137
0.6356605291366577 5.0876784324646 8.645462036132812
0.3974374830722809 3.4584243297576904 9.35893440246582
0.7314286231994629 1.946485996246338 9.913191795349121
-0.2346317619085312 0.26815059781074524 9.700108528137207
-1.1252747774124146 -1.459265947341919 9.871294021606445
-1.2222399711608887 -2.653972625732422 9.84615421295166
-1.2689268589019775 -3.712209701538086 8.795100212097168
-1.8279730081558228 -5.014655590057373 8.945934295654297
-2.117671489715576 -5.95677375793457 8.639476776123047
-1.6352397203445435 -5.837063789367676 8.037335395812988
